4 5
4 6
4 7
4 8
4 9
4 10
4 11
4 12
4 13
4 14
4 15
4 16
4 17
4 18
5 19
6 19
6 20
7 21
8 21
9 21
10 21
11 21
12 21
13 21
14 21
15 21
16 21
17 21
18 21
19 21
20 21
21 20
21 19
22 19
23 18
23 17
24 17
25 16
25 15
25 14
25 13
25 12
25 11
25 10
25 9
25 8
25 7
25 6
25 5
25 4
24 4
23 4
23 3
22 2
21 2
20 2
19 2
18 2
17 2
17 1
17 0
5 4
6 4
6 3
6 2
7 2
8 2
9 2
10 2
11 2
12 2
13 2
14 2
14 1
14 0
12 9
17 9
20 14
11 18
7 9
8 9
9 9
10 9
11 9
11 8
11 7
11 6
10 6
9 6
8 6
7 6
7 7
7 8
18 9
19 9
20 9
21 9
22 9
22 8
22 7
22 6
21 6
20 6
19 6
18 6
18 7
18 8
8 17
9 17
10 17
11 17
12 17
13 17
14 17
14 16
14 15
14 14
14 13
13 13
12 13
11 13
10 13
9 13
8 13
8 14
8 15
8 16